1.00 0.85 0.56 0.39 0.44 0.77 0.76 0.79 0.75
0.85 1.00 0.58 0.30 0.47 0.81 0.80 0.84 0.79
0.56 0.58 1.00 0.28 0.45 0.54 0.62 0.54 0.62
0.39 0.30 0.28 1.00 0.34 0.26 0.26 0.27 0.26
0.44 0.47 0.45 0.34 1.00 0.43 0.46 0.45 0.49
0.77 0.81 0.54 0.26 0.43 1.00 0.84 0.88 0.80
0.76 0.80 0.62 0.26 0.46 0.84 1.00 0.85 0.87
0.79 0.84 0.54 0.27 0.45 0.88 0.85 1.00 0.82
0.75 0.79 0.62 0.26 0.49 0.80 0.87 0.82 1.00
https://en.wikipedia.org/wiki/Chase_Bank:https://en.wikipedia.org/wiki/Citibank
https://en.wikipedia.org/wiki/Citibank:https://en.wikipedia.org/wiki/Chase_Bank
http://bankofamerica.com/:https://en.wikipedia.org/wiki/Cardiology
https://www.jpmorgan.com/country/US/en/jpmorgan:https://en.wikipedia.org/wiki/Chase_Bank
https://www.business.rutgers.edu/:https://en.wikipedia.org/wiki/Cannabis
https://en.wikipedia.org/wiki/Washington_(state):https://en.wikipedia.org/wiki/Boston
https://en.wikipedia.org/wiki/Cardiology:https://en.wikipedia.org/wiki/Cannabis
https://en.wikipedia.org/wiki/Boston:https://en.wikipedia.org/wiki/Washington_(state)
https://en.wikipedia.org/wiki/Cannabis:https://en.wikipedia.org/wiki/Cardiology
